100 2000
1 1 15 0.998803 40 0.998777 43 0.998715 44 0.999486 47 0.9987 49 0.99917 52 0.999163 55 0.998557 65 0.999281 69 0.999163 73 0.998986 74 0.999415 76 0.998955 84 0.998937 87 0.999338 90 0.99891 91 0.998917 95 0.999101 98 0.998863
2 1 17 0.998837 19 0.999296 21 0.998315 22 0.997193 24 0.998931 25 0.997052 35 0.99813 37 0.999381 45 0.998523 54 0.999438 56 0.997991 63 0.998816 68 0.997794 77 0.997842 78 0.998044 85 0.997183 86 0.99883 99 0.997559 100 0.998121
3 1 4 0.998896 5 0.999088 6 0.999109 8 0.999046 9 0.999053 10 0.999163 11 0.999266 18 0.999139 23 0.999396 28 0.999103 29 0.998995 39 0.999354 42 0.999449 57 0.999299 59 0.999025 72 0.999302 81 0.999287 89 0.99903 92 0.999117
4 1 5 0.999093 6 0.999208 9 0.999374 10 0.999312 13 0.999119 29 0.999129 31 0.999055 34 0.999124 39 0.999151 43 0.999118 47 0.999257 57 0.999179 59 0.99905 60 0.999299 71 0.999118 84 0.999151 89 0.99933 90 0.999282 92 0.999166
4 0.999093 5 1 6 0.999509 8 0.999163 9 0.999368 10 0.999361 11 0.999245 13 0.999282 23 0.999238 29 0.999204 31 0.999264 39 0.999433 42 0.999197 43 0.999141 57 0.999229 59 0.99917 72 0.999189 75 0.999204 89 0.999318 92 0.999385
4 0.999208 5 0.999509 6 1 8 0.999427 9 0.999386 10 0.999207 11 0.999281 13 0.999489 29 0.999612 31 0.999347 39 0.999409 43 0.999286 47 0.999392 57 0.999149 71 0.999347 72 0.999377 81 0.999215 84 0.999365 89 0.999231 92 0.999558
7 1 14 0.999188 20 0.998344 27 0.998434 40 0.997747 53 0.998236 58 0.998849 61 0.997854 62 0.998364 65 0.998053 67 0.998437 69 0.998472 76 0.998743 82 0.998261 83 0.998728 88 0.997567 93 0.997744 95 0.99812 97 0.998505 98 0.9983
3 0.999046 5 0.999163 6 0.999427 8 1 9 0.998856 11 0.999445 12 0.999267 13 0.99936 18 0.99932 23 0.999029 29 0.999189 30 0.998881 39 0.998954 42 0.999197 47 0.999152 64 0.998983 72 0.999675 79 0.998985 81 0.998855 92 0.999409
4 0.999374 5 0.999368 6 0.999386 9 1 10 0.999657 11 0.999236 13 0.999471 23 0.999175 29 0.999396 31 0.999517 39 0.999607 43 0.999244 57 0.999457 60 0.999438 71 0.999276 75 0.999371 81 0.999434 84 0.999244 89 0.999428 92 0.999444
3 0.999163 4 0.999312 5 0.999361 6 0.999207 9 0.999657 10 1 11 0.999093 13 0.999174 23 0.999198 31 0.999393 39 0.999542 43 0.999098 57 0.999415 59 0.999136 60 0.999419 71 0.999115 75 0.999421 81 0.999485 89 0.999462 92 0.999222
3 0.999266 5 0.999245 6 0.999281 8 0.999445 9 0.999236 10 0.999093 11 1 12 0.999068 13 0.999203 18 0.999405 23 0.999549 29 0.999179 39 0.999419 41 0.998914 42 0.999585 47 0.999202 57 0.999117 72 0.999542 81 0.99903 92 0.999516
8 0.999267 11 0.999068 12 1 13 0.998919 18 0.999497 22 0.998922 25 0.998978 30 0.999351 41 0.999219 42 0.999216 46 0.999084 50 0.999192 64 0.999669 66 0.998977 72 0.999467 79 0.999446 85 0.999045 92 0.998945 94 0.998807 96 0.999339
4 0.999119 5 0.999282 6 0.999489 8 0.99936 9 0.999471 10 0.999174 11 0.999203 13 1 18 0.999061 29 0.999198 31 0.99917 39 0.999236 41 0.999177 42 0.999063 47 0.998992 70 0.999222 71 0.999284 72 0.999462 81 0.999001 92 0.999562
7 0.999188 14 1 15 0.998038 20 0.999116 27 0.999256 44 0.998157 49 0.997926 53 0.99892 58 0.999362 62 0.999053 65 0.99851 67 0.998555 69 0.99885 76 0.999156 83 0.998603 91 0.998027 93 0.998479 95 0.999061 97 0.999317 98 0.99814
15 1 34 0.999043 36 0.999132 38 0.999259 40 0.999055 43 0.999097 44 0.999329 49 0.999166 52 0.999013 55 0.999596 65 0.999163 73 0.999163 76 0.999292 84 0.99892 87 0.999217 89 0.998923 90 0.999191 91 0.999515 95 0.998994 98 0.999041
16 1 21 0.999134 22 0.99916 24 0.998827 25 0.999434 26 0.99882 30 0.99873 41 0.998742 45 0.998871 46 0.999237 50 0.999427 56 0.998978 64 0.998887 66 0.999361 68 0.999114 78 0.9991 79 0.998734 85 0.999459 96 0.999135 99 0.999185
2 0.998837 16 0.998506 17 1 19 0.999246 21 0.999138 22 0.998786 24 0.999245 25 0.998803 35 0.998931 37 0.998628 45 0.999352 54 0.998597 56 0.999026 63 0.999209 68 0.998865 77 0.998544 78 0.999012 85 0.99857 86 0.998382 99 0.99907
3 0.999139 5 0.998838 6 0.99881 8 0.99932 11 0.999405 12 0.999497 13 0.999061 18 1 23 0.999033 30 0.999162 39 0.998945 41 0.999284 42 0.99962 50 0.998945 64 0.999265 70 0.999126 72 0.999591 79 0.999182 92 0.999362 96 0.999057
2 0.999296 16 0.998568 17 0.999246 19 1 21 0.999086 22 0.998482 24 0.999513 25 0.998454 35 0.9988 37 0.999198 45 0.999159 46 0.998459 54 0.999011 56 0.998863 63 0.998644 68 0.998806 77 0.998801 78 0.999015 85 0.998528 99 0.998809
7 0.998344 14 0.999116 15 0.997817 20 1 27 0.999559 44 0.997972 49 0.998339 53 0.999131 58 0.999455 62 0.99969 65 0.998211 67 0.999249 69 0.998954 76 0.99885 82 0.99785 88 0.998518 91 0.998206 93 0.998978 95 0.999141 97 0.999382
16 0.999134 17 0.999138 19 0.999086 21 1 22 0.999265 24 0.999386 25 0.999445 35 0.999401 45 0.999548 46 0.999193 50 0.999022 56 0.999512 66 0.999259 68 0.999603 77 0.999264 78 0.99961 85 0.999531 94 0.99891 96 0.999254 99 0.999512
16 0.99916 21 0.999265 22 1 25 0.999221 30 0.999122 35 0.999164 45 0.999467 46 0.999382 50 0.998974 56 0.99959 64 0.999189 66 0.999057 68 0.99949 77 0.999003 78 0.999347 79 0.999109 85 0.999389 94 0.999156 96 0.999294 99 0.999427
3 0.999396 4 0.998916 5 0.999238 6 0.998986 8 0.999029 9 0.999175 10 0.999198 11 0.999549 18 0.999033 23 1 39 0.99941 42 0.999485 47 0.998906 57 0.999134 59 0.998905 72 0.999226 75 0.998907 81 0.999125 89 0.99905 92 0.999285
2 0.998931 16 0.998827 17 0.999245 19 0.999513 21 0.999386 22 0.998831 24 1 25 0.998946 35 0.999143 37 0.999053 45 0.999404 46 0.998815 54 0.998653 56 0.999177 66 0.998773 68 0.999119 77 0.999211 78 0.999358 85 0.999047 99 0.999148
12 0.998978 16 0.999434 21 0.999445 22 0.999221 24 0.998946 25 1 30 0.999034 45 0.999179 46 0.999393 50 0.999472 56 0.999247 64 0.999142 66 0.999507 68 0.999294 78 0.999448 79 0.999096 85 0.999502 94 0.999301 96 0.999308 99 0.999459
16 0.99882 21 0.998182 22 0.99801 25 0.99869 26 1 30 0.99819 41 0.999006 42 0.99818 46 0.998584 48 0.998538 50 0.999097 66 0.999203 68 0.99829 70 0.998798 78 0.998481 79 0.998514 85 0.998534 94 0.998238 96 0.998393 99 0.998705
1 0.99734 7 0.998434 14 0.999256 20 0.999559 27 1 44 0.997621 49 0.997779 53 0.999387 58 0.999282 62 0.999486 65 0.997871 67 0.999157 69 0.998694 76 0.998462 82 0.998058 88 0.99903 91 0.997553 93 0.998806 95 0.998762 97 0.999546
3 0.999103 10 0.998353 11 0.998631 12 0.99859 18 0.998783 23 0.998821 28 1 30 0.998604 39 0.998751 41 0.998452 42 0.99918 50 0.998917 51 0.998732 64 0.998524 70 0.99846 72 0.998939 85 0.998336 92 0.998344 94 0.998853 96 0.998593
5 0.999204 6 0.999612 8 0.999189 9 0.999396 11 0.999179 13 0.999198 29 1 31 0.999316 39 0.999384 43 0.999528 47 0.999594 57 0.999291 71 0.999295 73 0.999251 81 0.999354 84 0.99964 87 0.999248 89 0.999295 90 0.999207 92 0.999283
8 0.998881 12 0.999351 18 0.999162 21 0.998857 22 0.999122 25 0.999034 30 1 41 0.999196 46 0.999194 50 0.999287 64 0.999334 66 0.999084 68 0.999077 72 0.99931 78 0.998892 79 0.999285 85 0.999298 94 0.99903 96 0.999369 99 0.99903
4 0.999055 5 0.999264 6 0.999347 9 0.999517 10 0.999393 13 0.99917 29 0.999316 31 1 39 0.999311 43 0.999389 57 0.99913 60 0.999408 71 0.999427 75 0.999189 81 0.99915 84 0.999323 87 0.999131 89 0.999331 90 0.999129 92 0.999219
7 0.988734 14 0.988942 20 0.989418 27 0.990972 32 1 33 0.996723 53 0.991118 58 0.987529 61 0.984073 62 0.988072 67 0.989526 69 0.985182 76 0.984355 80 0.998976 82 0.99019 83 0.983066 88 0.994825 93 0.987915 95 0.985151 97 0.991594
7 0.996194 14 0.996131 20 0.996144 27 0.99689 32 0.996723 33 1 53 0.996447 58 0.995322 61 0.993049 62 0.995149 67 0.995871 69 0.993792 76 0.993311 80 0.997783 82 0.995965 83 0.992702 88 0.998498 93 0.994757 95 0.993707 97 0.997427
4 0.999124 10 0.998952 15 0.999043 34 1 36 0.999274 38 0.999205 40 0.999318 43 0.999109 55 0.999138 57 0.999082 59 0.999161 60 0.999155 73 0.999215 74 0.998941 75 0.999059 84 0.999188 87 0.999029 89 0.999424 90 0.999216 91 0.999027
17 0.998931 19 0.9988 21 0.999401 22 0.999164 24 0.999143 25 0.998842 30 0.998594 35 1 37 0.99856 45 0.999555 46 0.99904 56 0.999628 66 0.998967 68 0.999302 77 0.999668 78 0.999651 79 0.998748 85 0.998947 96 0.998735 99 0.999474
4 0.998792 15 0.999132 34 0.999274 36 1 38 0.999146 40 0.999272 43 0.99887 44 0.998827 49 0.998844 52 0.998841 55 0.999174 60 0.999098 65 0.999158 73 0.999105 76 0.999094 87 0.998992 89 0.998859 90 0.999276 91 0.999234 98 0.9988
2 0.999381 17 0.998628 19 0.999198 21 0.998569 22 0.997577 24 0.999053 25 0.99763 35 0.99856 37 1 45 0.998907 54 0.999163 56 0.99857 63 0.998688 68 0.997862 77 0.99862 78 0.998497 85 0.997665 86 0.999002 99 0.99791 100 0.997708
15 0.999259 34 0.999205 36 0.999146 38 1 40 0.99911 43 0.998694 44 0.99866 49 0.998491 55 0.999382 60 0.998705 65 0.998614 73 0.99884 75 0.998751 76 0.99902 87 0.998498 89 0.998782 90 0.998982 91 0.999005 95 0.998545 98 0.998724
3 0.999354 5 0.999433 6 0.999409 9 0.999607 10 0.999542 11 0.999419 13 0.999236 23 0.99941 29 0.999384 31 0.999311 39 1 42 0.999326 47 0.999267 57 0.999566 59 0.999223 72 0.999265 75 0.999335 81 0.999367 89 0.999455 92 0.999431
1 0.998777 4 0.99883 15 0.999055 34 0.999318 36 0.999272 38 0.99911 40 1 44 0.999039 55 0.999094 65 0.999329 69 0.998735 73 0.999075 74 0.998962 76 0.999203 83 0.998721 87 0.998834 89 0.998904 90 0.999236 91 0.999017 98 0.998968
8 0.998816 11 0.998914 12 0.999219 13 0.999177 18 0.999284 25 0.998797 26 0.999006 30 0.999196 41 1 42 0.999228 46 0.99914 50 0.999466 64 0.999052 66 0.999418 70 0.999447 72 0.999248 79 0.999248 85 0.998878 92 0.999116 96 0.999212
3 0.999449 5 0.999197 8 0.999197 9 0.999038 10 0.99909 11 0.999585 12 0.999216 13 0.999063 18 0.99962 23 0.999485 28 0.99918 39 0.999326 41 0.999228 42 1 50 0.999007 57 0.99901 64 0.99897 70 0.999193 72 0.999497 92 0.999354
5 0.999141 6 0.999286 9 0.999244 29 0.999528 31 0.999389 39 0.999206 43 1 44 0.999161 47 0.999397 52 0.999428 57 0.999285 60 0.999136 71 0.999221 73 0.999492 75 0.99919 81 0.999171 84 0.999627 87 0.999524 89 0.999523 90 0.999637
1 0.999486 15 0.999329 34 0.998865 40 0.999039 43 0.999161 44 1 49 0.999496 52 0.999387 55 0.999116 65 0.999475 69 0.999382 73 0.999493 74 0.999394 76 0.999232 84 0.99933 87 0.999386 90 0.999348 91 0.999373 95 0.999345 98 0.998971
16 0.998871 17 0.999352 19 0.999159 21 0.999548 22 0.999467 24 0.999404 25 0.999179 35 0.999555 37 0.998907 45 1 46 0.99904 56 0.999733 63 0.999087 66 0.998848 68 0.999419 77 0.999408 78 0.999614 85 0.999308 96 0.998884 99 0.999393
12 0.999084 16 0.999237 21 0.999193 22 0.999382 25 0.999393 30 0.999194 35 0.99904 41 0.99914 46 1 50 0.999362 56 0.999289 64 0.999163 66 0.999538 68 0.999293 77 0.999172 78 0.999418 79 0.999414 85 0.999442 96 0.999261 99 0.999499
4 0.999257 6 0.999392 8 0.999152 9 0.999129 11 0.999202 13 0.998992 29 0.999594 31 0.999022 39 0.999267 43 0.999397 47 1 52 0.99917 57 0.999192 71 0.999196 73 0.999171 84 0.999442 87 0.99945 89 0.999125 90 0.999377 92 0.999353
4 0.998838 5 0.998986 9 0.999031 10 0.999082 13 0.998774 23 0.99849 26 0.998538 31 0.998762 39 0.998624 41 0.998534 42 0.998373 48 1 57 0.998341 59 0.998618 60 0.999043 70 0.998916 71 0.998348 75 0.998568 89 0.998613 92 0.998655
1 0.99917 15 0.999166 36 0.998844 43 0.998898 44 0.999496 49 1 52 0.998958 55 0.999018 62 0.998912 65 0.999308 69 0.999432 73 0.999208 74 0.999042 76 0.999164 87 0.999048 90 0.999165 91 0.999247 93 0.998947 95 0.9992 98 0.998976
12 0.999192 16 0.999427 21 0.999022 25 0.999472 26 0.999097 30 0.999287 41 0.999466 42 0.999007 46 0.999362 50 1 64 0.999228 66 0.999598 68 0.999184 72 0.999105 78 0.999047 79 0.999126 85 0.999467 94 0.999119 96 0.999443 99 0.999162
3 0.9984 11 0.99773 12 0.998496 18 0.998411 22 0.998114 23 0.997836 25 0.998005 28 0.998732 30 0.998173 41 0.997861 42 0.998438 50 0.99822 51 1 64 0.998791 68 0.998011 72 0.998261 79 0.997757 85 0.998046 94 0.998859 96 0.998758
1 0.999163 15 0.999013 29 0.999129 31 0.998893 36 0.998841 43 0.999428 44 0.999387 47 0.99917 49 0.998958 52 1 65 0.999156 71 0.999071 73 0.999415 74 0.999057 84 0.999466 87 0.999554 89 0.99895 90 0.999377 91 0.999154 95 0.998979
1 0.997416 7 0.998236 14 0.99892 20 0.999131 27 0.999387 44 0.997563 49 0.997898 53 1 58 0.998979 62 0.999157 65 0.997855 67 0.999257 69 0.998458 76 0.99819 82 0.998695 88 0.998813 91 0.997405 93 0.999212 95 0.998556 97 0.999129
2 0.999438 17 0.998597 19 0.999011 21 0.997736 22 0.9969 24 0.998653 25 0.996587 35 0.998166 37 0.999163 45 0.998267 46 0.996466 54 1 56 0.997893 63 0.998198 68 0.997204 77 0.997946 78 0.997862 86 0.999338 99 0.997493 100 0.998824
15 0.999596 34 0.999138 36 0.999174 38 0.999382 40 0.999094 43 0.998929 44 0.999116 49 0.999018 52 0.998831 55 1 60 0.999009 65 0.999082 73 0.999048 76 0.999113 87 0.999108 89 0.998983 90 0.999106 91 0.999225 95 0.998866 98 0.999179
16 0.998978 17 0.999026 19 0.998863 21 0.999512 22 0.99959 24 0.999177 25 0.999247 35 0.999628 45 0.999733 46 0.999289 56 1 64 0.998944 66 0.999127 68 0.999509 77 0.999475 78 0.999688 79 0.999042 85 0.999289 96 0.999171 99 0.999533
3 0.999299 4 0.999179 5 0.999229 6 0.999149 9 0.999457 10 0.999415 23 0.999134 29 0.999291 39 0.999566 43 0.999285 47 0.999192 57 1 60 0.999244 71 0.999144 75 0.999268 81 0.999317 84 0.99945 87 0.999331 89 0.999482 92 0.9992
1 0.998396 7 0.998849 14 0.999362 15 0.998586 20 0.999455 27 0.999282 44 0.998631 49 0.998795 53 0.998979 58 1 62 0.999536 65 0.999092 67 0.999039 69 0.999293 76 0.99937 91 0.998709 93 0.999067 95 0.99945 97 0.999089 98 0.998541
3 0.999025 4 0.99905 5 0.99917 6 0.998862 9 0.999077 10 0.999136 23 0.998905 29 0.998673 31 0.998709 34 0.999161 39 0.999223 42 0.998737 57 0.999056 59 1 60 0.999004 75 0.998965 81 0.998833 84 0.998787 89 0.999359 92 0.998847
4 0.999299 5 0.999073 9 0.999438 10 0.999419 31 0.999408 34 0.999155 36 0.999098 39 0.999222 43 0.999136 48 0.999043 55 0.999009 57 0.999244 60 1 71 0.999086 73 0.999022 75 0.99914 87 0.999167 89 0.999327 90 0.999204 92 0.999036
7 0.997854 14 0.997399 15 0.996969 20 0.997095 27 0.996536 36 0.997066 38 0.997812 40 0.996911 55 0.997193 58 0.997413 61 1 62 0.99681 65 0.996322 69 0.996537 76 0.997779 83 0.99812 91 0.996477 95 0.996857 97 0.996714 98 0.99689
1 0.998411 7 0.998364 14 0.999053 15 0.998402 20 0.99969 27 0.999486 44 0.998639 49 0.998912 53 0.999157 58 0.999536 62 1 65 0.998696 67 0.999382 69 0.999348 76 0.999156 88 0.998096 91 0.998755 93 0.999117 95 0.999272 97 0.999121
2 0.998816 16 0.997819 17 0.999209 19 0.998644 21 0.998805 22 0.998313 24 0.998631 25 0.998191 35 0.998218 37 0.998688 45 0.999087 54 0.998198 56 0.99866 63 1 68 0.998411 78 0.998365 85 0.99809 86 0.998351 94 0.998049 99 0.99814
8 0.998983 12 0.999669 16 0.998887 18 0.999265 22 0.999189 25 0.999142 30 0.999334 41 0.999052 42 0.99897 46 0.999163 50 0.999228 56 0.998944 64 1 66 0.99905 68 0.999071 72 0.99922 79 0.999364 85 0.999308 94 0.999034 96 0.999689
1 0.999281 15 0.999163 34 0.998803 36 0.999158 40 0.999329 44 0.999475 49 0.999308 52 0.999156 55 0.999082 58 0.999092 65 1 69 0.99919 73 0.999291 74 0.999216 76 0.999395 87 0.999123 90 0.999284 91 0.99928 95 0.999387 98 0.99925
12 0.998977 16 0.999361 21 0.999259 22 0.999057 25 0.999507 26 0.999203 30 0.999084 41 0.999418 46 0.999538 50 0.999598 56 0.999127 64 0.99905 66 1 68 0.999328 77 0.9991 78 0.9995 79 0.99935 85 0.999443 96 0.999318 99 0.999543
1 0.998066 7 0.998437 14 0.998555 20 0.999249 27 0.999157 44 0.998051 49 0.998642 53 0.999257 58 0.999039 62 0.999382 65 0.998134 67 1 69 0.999213 76 0.998487 82 0.998932 88 0.99843 91 0.997955 93 0.999312 95 0.998745 97 0.998828
16 0.999114 21 0.999603 22 0.99949 24 0.999119 25 0.999294 30 0.999077 35 0.999302 45 0.999419 46 0.999293 50 0.999184 56 0.999509 64 0.999071 66 0.999328 68 1 77 0.999068 78 0.999502 85 0.999526 94 0.999081 96 0.999431 99 0.999488
1 0.999163 14 0.99885 15 0.998849 20 0.998954 27 0.998694 40 0.998735 44 0.999382 49 0.999432 58 0.999293 62 0.999348 65 0.99919 67 0.999213 69 1 73 0.998738 74 0.998909 76 0.99939 91 0.999024 93 0.999053 95 0.999445 98 0.998897
5 0.998829 9 0.99896 10 0.998907 11 0.998711 12 0.998753 13 0.999222 18 0.999126 26 0.998798 30 0.998732 39 0.998871 41 0.999447 42 0.999193 48 0.998916 50 0.998879 66 0.998693 70 1 72 0.999 79 0.998769 92 0.999079 96 0.998697
4 0.999118 5 0.999075 6 0.999347 9 0.999276 10 0.999115 13 0.999284 29 0.999295 31 0.999427 39 0.999095 43 0.999221 47 0.999196 52 0.999071 57 0.999144 60 0.999086 71 1 81 0.998945 84 0.999436 87 0.999123 89 0.999133 92 0.999408
3 0.999302 5 0.999189 6 0.999377 8 0.999675 9 0.999082 11 0.999542 12 0.999467 13 0.999462 18 0.999591 23 0.999226 29 0.999067 30 0.99931 39 0.999265 41 0.999248 42 0.999497 50 0.999105 64 0.99922 72 1 79 0.999073 92 0.999545
15 0.999163 29 0.999251 31 0.999053 34 0.999215 36 0.999105 40 0.999075 43 0.999492 44 0.999493 47 0.999171 49 0.999208 52 0.999415 57 0.999116 65 0.999291 73 1 74 0.999303 84 0.999428 87 0.999406 89 0.999157 90 0.999684 91 0.999281
1 0.999415 15 0.998805 34 0.998941 40 0.998962 43 0.99902 44 0.999394 49 0.999042 52 0.999057 55 0.998783 57 0.998945 65 0.999216 69 0.998909 73 0.999303 74 1 84 0.999151 87 0.999254 89 0.999048 90 0.99909 91 0.999065 98 0.999005
4 0.998934 5 0.999204 9 0.999371 10 0.999421 23 0.998907 29 0.998981 31 0.999189 34 0.999059 39 0.999335 43 0.99919 57 0.999268 59 0.998965 60 0.99914 73 0.998978 75 1 81 0.998912 84 0.999007 87 0.999029 89 0.999387 90 0.999158
1 0.998955 14 0.999156 15 0.999292 20 0.99885 36 0.999094 38 0.99902 40 0.999203 44 0.999232 49 0.999164 55 0.999113 58 0.99937 62 0.999156 65 0.999395 69 0.99939 73 0.998828 76 1 83 0.998922 91 0.999355 95 0.999496 98 0.999172
17 0.998544 19 0.998801 21 0.999264 22 0.999003 24 0.999211 25 0.998888 30 0.998525 35 0.999668 37 0.99862 45 0.999408 46 0.999172 56 0.999475 66 0.9991 68 0.999068 77 1 78 0.999654 79 0.998955 85 0.998996 96 0.998687 99 0.999339
16 0.9991 17 0.999012 19 0.999015 21 0.99961 22 0.999347 24 0.999358 25 0.999448 35 0.999651 45 0.999614 46 0.999418 50 0.999047 56 0.999688 66 0.9995 68 0.999502 77 0.999654 78 1 79 0.999083 85 0.999415 96 0.999194 99 0.999627
8 0.998985 12 0.999446 18 0.999182 22 0.999109 25 0.999096 30 0.999285 41 0.999248 46 0.999414 50 0.999126 56 0.999042 64 0.999364 66 0.99935 68 0.998887 72 0.999073 77 0.998955 78 0.999083 79 1 85 0.999196 96 0.999257 99 0.999169
7 0.990032 14 0.990154 20 0.990493 27 0.991868 32 0.998976 33 0.997783 53 0.991194 58 0.988762 61 0.986832 62 0.988915 67 0.990149 69 0.986415 76 0.985741 80 1 82 0.990525 83 0.985014 88 0.995493 93 0.988407 95 0.986382 97 0.992607
3 0.999287 4 0.999009 5 0.999085 6 0.999215 9 0.999434 10 0.999485 11 0.99903 13 0.999001 23 0.999125 29 0.999354 31 0.99915 39 0.999367 43 0.999171 57 0.999317 71 0.998945 72 0.999023 81 1 84 0.999136 89 0.999348 92 0.999003
1 0.997139 7 0.998261 14 0.99792 20 0.99785 27 0.998058 44 0.996949 49 0.997646 53 0.998695 58 0.998066 62 0.997958 65 0.997431 67 0.998932 69 0.998098 76 0.997498 82 1 88 0.998024 93 0.998904 95 0.997691 97 0.997935 98 0.997758
1 0.997599 7 0.998728 14 0.998603 15 0.998379 34 0.998303 36 0.998513 38 0.99836 40 0.998721 44 0.99781 55 0.99841 58 0.99826 61 0.99812 65 0.998375 69 0.997996 74 0.997605 76 0.998922 83 1 91 0.998059 95 0.998206 98 0.998575
4 0.999151 6 0.999365 9 0.999244 29 0.99964 31 0.999323 34 0.999188 39 0.999214 43 0.999627 44 0.99933 47 0.999442 52 0.999466 57 0.99945 71 0.999436 73 0.999428 74 0.999151 81 0.999136 84 1 87 0.999538 89 0.999488 90 0.999401
12 0.999045 16 0.999459 21 0.999531 22 0.999389 24 0.999047 25 0.999502 30 0.999298 45 0.999308 46 0.999442 50 0.999467 56 0.999289 64 0.999308 66 0.999443 68 0.999526 78 0.999415 79 0.999196 85 1 94 0.999071 96 0.999573 99 0.999349
2 0.99883 17 0.998382 19 0.998399 21 0.997325 22 0.996845 24 0.997955 25 0.996378 35 0.997968 37 0.999002 45 0.998125 46 0.996202 54 0.999338 56 0.997808 63 0.998351 68 0.996714 77 0.997615 78 0.997552 86 1 99 0.997099 100 0.998592
1 0.999338 15 0.999217 29 0.999248 31 0.999131 39 0.999143 43 0.999524 44 0.999386 47 0.99945 52 0.999554 57 0.999331 60 0.999167 65 0.999123 71 0.999123 73 0.999406 74 0.999254 84 0.999538 87 1 89 0.999366 90 0.999455 91 0.999202
7 0.997567 14 0.997925 20 0.998518 27 0.99903 33 0.998498 49 0.995543 53 0.998813 58 0.997927 61 0.995255 62 0.998096 65 0.995412 67 0.99843 69 0.99673 76 0.996312 80 0.995493 82 0.998024 88 1 93 0.997805 95 0.996695 97 0.998924
4 0.99933 5 0.999318 6 0.999231 9 0.999428 10 0.999462 29 0.999295 31 0.999331 34 0.999424 39 0.999455 43 0.999523 57 0.999482 59 0.999359 60 0.999327 73 0.999157 75 0.999387 81 0.999348 84 0.999488 87 0.999366 89 1 90 0.999357
4 0.999282 15 0.999191 29 0.999207 34 0.999216 36 0.999276 40 0.999236 43 0.999637 44 0.999348 47 0.999377 49 0.999165 52 0.999377 60 0.999204 65 0.999284 73 0.999684 75 0.999158 84 0.999401 87 0.999455 89 0.999357 90 1 91 0.999292
15 0.999515 34 0.999027 36 0.999234 38 0.999005 40 0.999017 43 0.999105 44 0.999373 49 0.999247 52 0.999154 55 0.999225 65 0.99928 69 0.999024 73 0.999281 74 0.999065 76 0.999355 84 0.998958 87 0.999202 90 0.999292 91 1 95 0.999092
3 0.999117 4 0.999166 5 0.999385 6 0.999558 8 0.999409 9 0.999444 10 0.999222 11 0.999516 13 0.999562 18 0.999362 23 0.999285 29 0.999283 31 0.999219 39 0.999431 42 0.999354 47 0.999353 57 0.9992 71 0.999408 72 0.999545 92 1
1 0.998309 14 0.998479 15 0.997974 20 0.998978 27 0.998806 44 0.998541 49 0.998947 53 0.999212 58 0.999067 62 0.999117 65 0.998682 67 0.999312 69 0.999053 76 0.998499 82 0.998904 91 0.998064 93 1 95 0.999181 97 0.998648 98 0.998298
12 0.998807 16 0.998699 18 0.998717 21 0.99891 22 0.999156 25 0.999301 28 0.998853 30 0.99903 46 0.998758 50 0.999119 51 0.998859 56 0.99877 64 0.999034 66 0.998752 68 0.999081 78 0.998744 85 0.999071 94 1 96 0.999214 99 0.998909
1 0.999101 14 0.999061 15 0.998994 20 0.999141 27 0.998762 44 0.999345 49 0.9992 52 0.998979 55 0.998866 58 0.99945 62 0.999272 65 0.999387 67 0.998745 69 0.999445 73 0.998824 76 0.999496 91 0.999092 93 0.999181 95 1 98 0.998845
12 0.999339 16 0.999135 21 0.999254 22 0.999294 25 0.999308 30 0.999369 41 0.999212 46 0.999261 50 0.999443 56 0.999171 64 0.999689 66 0.999318 68 0.999431 72 0.999059 78 0.999194 79 0.999257 85 0.999573 94 0.999214 96 1 99 0.999175
7 0.998505 14 0.999317 20 0.999382 27 0.999546 33 0.997427 44 0.997185 49 0.997269 53 0.999129 58 0.999089 62 0.999121 65 0.997499 67 0.998828 69 0.998325 76 0.998263 82 0.997935 88 0.998924 91 0.997088 93 0.998648 95 0.998541 97 1
1 0.998863 15 0.999041 34 0.998539 36 0.9988 38 0.998724 40 0.998968 44 0.998971 49 0.998976 55 0.999179 58 0.998541 65 0.99925 69 0.998897 73 0.998637 74 0.999005 76 0.999172 83 0.998575 87 0.998706 91 0.998731 95 0.998845 98 1
16 0.999185 17 0.99907 21 0.999512 22 0.999427 24 0.999148 25 0.999459 30 0.99903 35 0.999474 45 0.999393 46 0.999499 50 0.999162 56 0.999533 66 0.999543 68 0.999488 77 0.999339 78 0.999627 79 0.999169 85 0.999349 96 0.999175 99 1
2 0.998121 17 0.995865 19 0.996707 21 0.994493 22 0.993183 24 0.995829 25 0.992645 35 0.99553 37 0.997708 45 0.99537 46 0.992677 54 0.998824 56 0.994827 63 0.99579 68 0.993645 77 0.99514 78 0.99473 86 0.998592 99 0.994004 100 1
